2.1457672119140625e-06
selected_users_set {'user_2', 'user_1', 'user_4', 'user_6', 'user_5', 'user_3'}

2519
170
1932
1056
1988
1079
3569
3828
2546
2426
3804
2869
2394
2078
2675
2472
2813
1159
2236
3045
3177
2057
1792
1092
2659
3835
526
2593
1779
3284
1660
1987
3260
3858
3780
730
1089
660
448
1128
1258
3599
2482
2596
3405
727
793
3658
1580
1920
2986
1497
3704
506
2968
941
2517
1116
3878
2649
84
3400
2441
2595
1871
1317
673
496
2761
2276
1342
2590
3865
1053
398
3577
3159
434
1663
3978
2161
300
3140
2686
2770
2797
1347
1922
573
2098
2174
2995
2847
1240
713
1151
22
2886
3863
1550
816
3222
3376
795
3613
126
1430
1638
282
3455
2233
1396
3115
1842
1771
1254
1802
1408
2049
4067
3712
2321
3965
2189
3021
2728
435
2966
1061
3083
4058
1822
2358
323
3937
3689
3018
955
2603
1488
320
1017
169
271
3180
2384
81
4016
782
3697
3144
1132
1592
2838
1865
2980
2625
2253
3409
1539
296
2348
2530
3182
1540
1066
899
1536
1070
4001
1889
1195
1911
3856
3936
1907
548
1476
3811
2115
2177
2679
231
2520
2832
2509
132
2535
3201
3255
1509
1584
4049
1804
2084
650
3630
1818
3232
2848
3470
1028
2287
3840
4059
2624
1823
1698
2940
4021
2965
2370
4089
85
3563
2954
2843
429
2831
2081
2104
1691
982
1483
879
3008
3905
2690
1077
388
1001
2165
2662
2095
2387
2359
2113
3191
3259
2167
3489
1170
1086
2724
1740
2484
1231
880
71
2715
739
2513
1729
348
1628
2350
1809
3289
3495
1826
1118
1797
983
1717
2888
2160
1602
1352
3169
1165
1940
2585
56
2293
368
1785
2139
1897
3354
2495
371
280
892
1979
3729
3902
167
2466
2272
3759
3603
3644
750
614
2496
3261
3646
133
1131
2205
2952
3676
763
1123
1161
3322
936
521
927
3171
2556
333
2917
1490
3167
3111
2615
2219
1463
2521
1645
2046
2668
2022
3157
3074
3534
987
2620
2013
1775
564
1515
2412
1445
1731
3597
2187
1315
3673
2429
3407
2209
3387
245
1390
4073
3938
2361
3380
3565
2755
2640
1590
3530
2953
637
349
3594
1137
2578
2722
1008
2351
3359
1307
1745
143
2573
4035
332
1848
938
1649
454
2648
3743
3711
3066
3558
293
3910
3521
1388
232
1678
3755
2025
922
419
674
4081
1764
2127
2907
3691
3767
2340
3160
1205
3547
2434
656
3882
1319
402
584
2247
1773
2125
1675
3839
519
3555
1601
272
714
1395
433
2523
2669
286
2958
3968
1841
3560
1015
3209
1117
482
392
1704
2431
3967
122
1025
2738
787
1438
2901
1111
3077
1535
841
4008
389
2208
408
2741
3135
2650
1904
1970
3699
3662
3339
2449
627
3557
3871
545
2826
821
3398
103
2019
773
299
1985
1226
3773
2092
3486
1596
866
362
3604
3076
3143
994
75
3014
747
1927
3732
832
1957
1291
3514
1138
672
3285
1909
1634
2036
3838
2363
2806
2553
562
1837
2915
2064
1788
3336
3305
1142
1211
3224
1905
3529
3678
58
1297
499
3545
2891
2731
818
2584
2299
442
958
1994
1680
3795
2279
2335
3023
128
2909
558
1784
1249
2514
3624
1703
2000
330
2647
3731
2617
684
697
2782
2408
220
1972
719
2825
2879
25
1477
2983
1700
3330
2377
2120
477
975
3901
2345
1508
1334
1733
1304
546
3777
775
1031
978
2564
1432
2021
693
1157
1600
3123
358
3269
493
2739
1141
2423
2047
3003
3146
186
3429
2337
248
3427
1537
175
206
1496
1621
1068
3353
467
597
3156
2904
3158
3393
3264
2626
1906
2327
3408
2204
1552
118
2414
121
3930
2988
99
2246
2602
878
3458
2618
3772
2342
2407
2258
3820
2437
2409
3774
193
3808
2454
1024
1617
2372
944
308
1323
1327
3931
3764
1225
2876
2089
2234
3915
1067
3993
3084
321
3428
2868
1268
1458
1284
2281
415
3389
772
1452
1210
3328
90
2900
1169
251
659
1333
1294
1699
2128
4088
2155
1556
2477
2331
2887
1576
1199
148
3733
2682
1040
3019
1850
3671
3196
2090
3419
3377
3982
1269
350
4006
758
3265
2817
1369
3067
3809
1057
1910
2997
1439
1491
1407
4061
1038
525
2411
756
1135
1748
3256
3091
3267
2545
1993
2194
942
3086
278
460
3608
1241
3105
18
2818
411
1435
857
422
2037
2232
2793
2401
2402
15
1271
3695
2460
3720
2192
915
1495
726
3116
902
3274
1368
3693
2395
632
3617
3908
3239
3891
3799
3017
968
3896
2835
3592
2852
3386
2796
3525
1002
1267
1867
396
2375
3833
2836
2719
9
2569
1964
2632
3898
2101
1701
307
3042
4043
2928
298
3877
1525
3208
1917
1569
1723
2508
107
1756
3068
4069
3345
3173
1654
2132
370
2873
886
934
152
291
52
900
1921
70
3787
801
2641
1228
214
124
2772
2629
2707
3459
2788
1839
3812
2015
3921
171
441
1049
1836
1460
3287
510
699
475
207
211
1098
1696
3955
2955
3475
2430
3956
3916
1974
2168
3586
4039
3959
3511
2094
34
1986
3237
4074
2862
4053
501
3813
524
905
2240
3422
1948
1469
3350
776
744
3499
344
2455
36
313
5
3362
527
3775
3164
172
3920
3063
502
1720
3478
3588
3886
2855
1285
2442
3682
1951
1827
418
3719
3722
767
447
135
2468
3841
2316
1055
732
1122
1724
1419
1206
610
3725
430
2462
2964
2579
551
1260
3433
925
13
1036
2405
2688
3401
340
1302
3848
1629
2458
3252
407
2026
2188
1417
1682
1376
3057
76
1355
1358
1599
14
4002
355
4019
1514
2300
1801
4046
3875
2170
517
1314
3229
2298
1184
1030
1073
2673
856
3451
1171
4070
87
2967
4029
725
3932
1500
2118
636
766
3484
2663
2540
1290
2555
3702
3189
2518
981
2403
86
1478
2263
2223
1145
2230
3132
1693
1664
2505
1468
3948
682
1166
1218
3207
3528
3152
864
1340
1443
601
3887
1542
561
267
2823
489
3637
2214
3219
2529
1727
3221
2845
403
2217
2422
3538
2164
4040
1180
1489
3607
3855
574
3974
796
2479
1774
2473
585
2565
2459
3595
1475
457
2185
1895
2381
1257
1150
302
2178
2141
1749
812
3231
2063
2645
1761
4024
2264
813
1029
3610
1140
327
2086
2
1746
3763
134
439
444
1990
3721
2224
3500
4060
780
249
3072
354
2152
3300
168
295
771
891
2554
2894
1386
484
3642
4023
1216
3941
2269
4092
1309
253
1252
1448
1866
3866
3994
2274
2027
2880
44
445
2244
1072
3033
322
896
2716
2956
2005
3621
1404
380
2116
155
1080
3754
2766
845
3741
1019
3917
1182
315
95
700
98
1085
2260
2699
3321
2769
2249
2103
2336
3395
3564
413
2169
2374
950
3114
1840
3153
3605
3823
1585
765
2897
1623
4026
1351
924
104
227
255
2586
142
853
3454
1847
1751
1245
1378
2291
2528
3250
2560
3049
1009
379
2420
2808
991
3776
2979
2842
520
2764
1320
4093
642
971
815
2341
2947
2810
2060
3281
709
3989
3253
973
3220
1444
485
3626
622
2970
3625
851
1709
2354
2643
1410
270
4076
162
1465
3102
2332
1618
668
2440
3657
3298
3911
3450
1942
1461
3149
1433
3394
1330
1573
1558
1863
1648
2203
1992
3815
2815
2787
1870
92
3980
151
2385
3971
1799
3790
177
1832
3640
3056
3975
1139
3861
3275
4094
3278
2608
3717
1955
596
3004
74
2333
108
1295
906
2698
3410
3619
2428
2062
3803
3295
3293
2637
3110
3822
1627
1312
3411
3397
266
1313
89
3337
2636
3694
2099
2197
2771
515
3688
3297
3859
144
1673
347
1428
1995
2357
2857
2148
2896
2404
2696
1692
94
2142
992
1457
1480
2315
3966
2853
2045
4
201
3765
2102
1759
2191
2644
2436
654
1133
3747
871
1253
1669
3554
2903
1213
1595
1203
1918
275
1755
1259
849
4050
3639
3103
3468
1765
2088
1611
1239
692
1251
217
244
1579
3442
112
2193
3204
633
2941
1582
1039
2250
3867
1881
2572
3026
1588
680
523
3047
1651
1429
274
2606
3957
2419
2131
2531
2634
234
161
1657
3580
861
2809
1324
3551
611
2379
146
1854
184
3950
538
3343
2609
2310
2061
3899
1886
1831
1512
3482
1318
3016
2619
1406
928
3452
1349
2304
324
630
4077
3703
3193
784
137
3623
68
2182
2143
3793
1221
1668
2502
2330
1975
665
800
2176
2243
3317
1149
3713
2413
2544
39
2973
2144
1470
2222
2830
535
3685
566
2631
2158
2289
1384
3933
3435
221
1846
3516
3235
233
970
2366
563
587
114
1879
1115
931
2487
3842
3472
1016
687
2338
1531
2732
4065
2791
3686
1768
3106
2718
965
930
831
2557
1697
4090
1273
1125
1278
598
3827
1816
3007
989
438
1436
3696
2870
393
2736
3133
3444
3112
2306
1152
2795
1101
783
1130
345
3830
3760
531
2184
3061
3559
2173
1690
2918
644
3645
742
1275
1959
3148
790
1977
1018
1506
2570
3080
897
2147
2674
4087
696
651
3477
593
1877
2710
3758
2691
2494
1722
2989
1812
1129
2256
689
188
1060
2804
4004
2308
2972
1676
4062
2657
2322
3030
2729
3378
3432
3236
3424
310
1236
3379
2875
1511
1441
578
1726
3187
3292
2051
111
1548
4066
2638
3816
1999
3183
3270
2878
518
1246
353
1929
658
1646
367
1770
1167
3983
2292
3992
3737
3466
609
4028
3217
768
3829
3325
1666
1362
4042
2708
737
3361
2082
3437
4020
1507
2792
1422
3025
3301
359
2329
2106
1835
2254
53
1022
2594
1178
459
3096
3044
2503
3819
2393
2800
2726
731
3203
1263
192
873
649
110
2030
360
451
1808
3054
2268
1232
2781
1853
2347
481
724
3656
1063
2066
4017
3844
1712
2135
2704
3323
1392
3190
3498
1127
4083
3040
416
1931
3168
2949
3100
828
3062
157
3128
663
1082
2501
189
3052
474
2126
3351
3360
50
1385
3139
743
2655
1760
3011
268
1200
4005
1119
3358
2899
2032
1763
586
1798
3461
3953
1551
1707
1530
1575
78
503
791
325
3306
2551
1143
3806
1978
2044
365
3384
2421
3527
1179
2962
935
802
1110
2666
1499
2821
2571
1606
1413
2562
3175
337
3944
1409
4056
1158
840
3880
1242
4071
3661
2905
3136
3371
3614
91
1339
3010
2251
2622
1345
2305
3251
1381
436
3258
623
626
2290
3032
3473
190
2080
2539
1894
3170
1383
1702
3981
2541
2592
2945
2849
1612
811
3028
12
1860
57
160
2179
3668
3248
2416
1814
670
2038
3742
552
69
1571
3876
3272
1276
1492
292
2266
3453
541
2936
2749
3186
3
810
2914
3549
1442
2773
1589
3496
3390
3796
2446
619
918
2328
2933
600
2378
867
3120
3228
911
2075
3509
1440
1681
3995
3385
2711
2307
1672
3254
3587
1619
3801
1012
590
2003
3449
2680
1518
2018
2138
205
1451
976
4055
3761
3493
2383
3926
2587
2014
3709
2031
3117
3192
3541
2610
2504
1684
1965
2889
2231
1938
1762
51
708
1844
1583
3501
2278
3928
3490
1286
2819
2225
874
1188
156
1858
3753
995
2134
2213
1400
3118
1849
1289
2762
59
2812
2977
1976
3745
1326
2109
3825
3850
1185
3925
2695
3417
690
38
3548
608
1807
2489
2077
1930
1824
3862
1004
1996
1044
3078
1449
3680
1851
464
549
1855
3431
3213
1603
2074
2811
3012
3185
1485
2324
2500
2079
4086
1829
500
4054
1549
1033
3690
717
761
3578
4048
3533
2854
1094
2969
1685
3463
495
3821
1164
3374
2320
2683
2882
4010
3124
2108
2921
1425
1346
2493
3718
3923
2533
3602
3215
2895
2563
3846
3225
2929
962
2325
2559
1204
2486
2671
1652
1250
3448
1299
641
1800
3246
4047
3853
3757
1811
3750
2212
2371
876
757
318
1288
3210
2575
1795
2111
2097
1293
1045
3126
2864
907
174
1280
2228
3769
568
999
1598
2760
405
2747
2368
127
3415
1134
3001
753
4091
1120
2252
3029
317
1282
3744
640
2548
3566
1387
959
2054
2885
3954
760
1215
3271
522
1175
3904
2369
3786
3814
2959
1301
589
3134
703
336
301
1311
2937
2149
490
2183
854
1945
652
185
1874
923
3391
2362
1473
3837
653
3150
3535
1174
1112
3684
837
2107
3979
2994
2589
40
1887
1577
3119
252
706
1078
778
3064
2799
2884
1620
1237
2685
2162
565
1962
3357
1380
2259
2041
2774
2506
1838
1947
483
2180
1513
755
2874
1105
2803
1272
1939
3165
3050
3122
208
2822
882
2946
1626
536
2043
2841
3572
806
1743
309
3736
66
1377
1281
1730
4045
616
4084
1144
2642
3070
1023
364
3749
638
476
409
3576
3852
1968
473
1630
3218
1084
2439
3483
1041
2658
3864
77
2654
3723
2861
254
67
912
2181
2007
30
3738
3517
3113
2927
1136
283
3443
1224
3366
42
3667
2059
715
3404
1366
469
3406
511
1124
3519
3195
11
2050
2700
2998
2470
1484
898
183
2010
1472
1750
615
2356
1562
3802
187
3154
3888
4034
1943
2002
3098
262
2137
1462
3108
4031
357
1543
4012
852
3664
1769
2748
3462
1007
2452
1862
2288
3883
269
452
2612
3242
2961
885
2068
1248
1266
3365
1529
3531
3363
1659
488
3913
2344
567
2053
2510
540
698
794
997
361
2746
1716
569
3188
1714
363
7
2443
1532
3914
3069
1100
1325
3860
1559
3090
917
263
3782
2975
3273
3885
2140
399
3313
2001
889
884
3583
1586
3311
1541
3508
951
2241
926
2785
1695
3043
683
3600
223
3596
1520
3826
2750
555
2418
2133
259
3903
2566
579
2391
2323
554
819
2283
582
3130
1522
27
2816
1247
3810
1674
2951
1706
1820
2364
150
661
2712
3035
250
139
2850
2789
338
3299
1966
2939
2611
261
1528
3037
2532
1356
635
3320
904
2390
1821
2581
1229
2758
2735
3631
2055
2271
2196
2009
4082
1219
1766
1300
3465
1014
3290
228
1471
3643
3768
2538
1572
1971
1523
1591
1402
3727
2829
3020
2033
901
2588
914
4080
974
1405
43
3372
859
2498
1222
1156
428
3243
1364
2432
3257
509
2122
277
1230
2984
216
557
2218
2319
3238
909
2786
3413
512
2282
3467
3145
645
1093
2011
2150
2017
3797
3492
3506
3681
1969
3679
2985
3687
2574
2730
3147
2346
3291
3280
3792
969
3211
3683
3166
1997
374
688
1048
2950
2753
260
3698
3027
3060
390
1711
3071
3420
4037
1121
287
762
3550
621
2713
212
1933
2220
3632
2478
3266
718
1479
3781
305
2056
2911
1914
2665
738
835
2623
294
2957
423
1794
920
2123
1566
3582
1632
1876
667
230
2114
3199
1051
3198
591
2309
65
3739
3515
97
2406
2476
1054
3609
471
472
825
3051
1719
1360
1010
1567
1753
711
2751
1901
24
2457
394
1160
1694
1810
468
3960
2186
505
3927
1344
3214
2311
1658
1371
572
745
1337
8
2717
1924
2703
2433
3567
4003
1687
2942
1925
2235
2742
3700
716
2872
241
1834
3383
2991
797
1104
3986
2239
101
328
908
1561
929
570
1202
2567
834
3194
3503
628
3575
2916
2779
2661
1624
1382
3038
2851
2653
647
3216
3349
1734
2417
1108
1902
3952
1107
2801
3949
1091
2471
3622
3399
2048
3784
1563
2727
710
3590
456
588
62
3176
1616
125
3460
1454
3421
117
319
2935
3552
1758
4015
3418
400
1885
37
3426
383
1114
547
1718
2709
3884
1265
2737
3304
3212
210
3245
60
553
410
1631
1153
2664
2982
3434
2215
2706
1516
1544
1437
2920
2542
2277
2313
3854
2376
1767
238
1162
3958
3247
3701
2974
3312
2805
2202
3648
3319
1650
1027
2042
3715
2040
1739
1343
964
2689
1198
2206
3046
3570
173
2616
2035
3728
279
704
1613
3095
4030
3752
764
1021
19
2919
980
3181
817
3005
705
985
2577
2999
2365
1737
2906
3705
2153
382
988
1003
3881
1869
297
681
1725
3174
946
2784
539
3523
1243
1728
1365
1670
3368
3172
2199
2524
1843
2273
3897
153
2085
1578
3677
2656
3611
1065
3893
3015
3832
2856
4018
2427
2692
401
3879
967
3416
1103
513
1197
2702
3988
3872
3520
3593
1721
1493
2734
373
2058
3282
2242
404
381
2465
751
1736
2297
3058
2534
88
822
3491
1350
145
1397
131
877
331
1306
3756
120
2397
1710
1708
875
1527
1176
3445
3783
947
141
2599
1357
3125
1677
1782
3283
1113
1899
2693
4038
1043
2492
2512
607
2898
3226
284
592
3155
1956
1331
154
1095
194
1665
3598
1106
3805
2552
754
804
4064
1983
4011
2568
387
823
1399
869
3075
1667
1935
830
603
903
3367
2527
3296
1069
492
3726
1568
2461
788
1892
129
1401
2537
1099
2076
2549
63
2499
2987
707
1011
3843
3874
789
1191
2993
977
3485
3342
446
461
1958
3474
2840
544
17
23
843
932
1423
3895
2491
3396
3524
1936
798
1882
225
1456
1908
3951
1270
3544
2286
3456
41
3831
3939
1944
824
1607
119
961
1455
2006
1605
3934
2237
777
1545
3562
3561
1058
2352
1398
2012
449
3537
2834
3131
386
356
868
2119
33
3101
746
2676
1363
2943
2660
3471
1688
676
3138
3894
4068
3048
6
2023
1501
2389
200
1446
2121
3352
2285
420
136
1934
1686
498
3892
2948
1414
1941
2912
3340
560
196
1064
850
1679
1361
2598
1393
1815
2670
3331
2257
3006
1088
685
3943
1264
3977
3724
860
486
1981
996
3436
534
2890
919
96
2697
1738
2067
1052
247
2924
1208
862
1647
2448
2701
3730
3000
571
686
265
191
1830
728
3935
3869
93
3634
3670
1214
2004
412
3574
1474
1960
213
3628
3430
972
243
895
2651
180
3627
3303
1949
3962
3922
1464
3945
3263
2071
3121
949
1370
458
2923
2844
3692
1553
721
2910
2507
3446
4022
1636
2229
73
2353
276
334
181
3546
2463
3641
2543
3539
1189
2450
1279
3348
2646
2444
786
1989
424
2400
147
1426
1903
316
720
2255
1187
1305
224
16
1581
35
805
3457
2745
455
543
1217
2978
1193
1274
339
550
2157
3542
4000
288
351
113
576
3653
2474
3601
847
3088
3785
1946
2275
3332
226
2627
2456
2195
2938
1859
1615
3031
1348
366
3963
3512
2827
1328
532
1447
2020
998
2525
1912
3824
470
2765
2790
3094
740
3581
3675
979
2087
2963
462
1608
1034
1928
3329
842
2757
79
1950
343
1546
939
2558
2934
1898
3425
514
3024
3973
3507
4027
1227
807
1424
1244
3618
3480
3997
3788
3142
246
425
2837
3502
1604
3766
1806
3137
1059
2221
3230
2783
1622
1597
3771
3746
2163
1196
2151
2467
1625
3710
465
2284
491
662
2171
20
829
239
406
369
3612
1781
3918
3013
694
1790
3663
1642
1412
1375
1868
2490
2200
723
427
2265
314
2451
2723
1403
195
466
556
222
1786
4072
1504
3522
209
2780
1778
1819
953
957
1192
833
1991
3585
612
1256
1557
1644
1183
1744
3494
1953
1952
1777
1316
2166
397
2828
182
165
3487
3714
748
1828
2733
3906
1783
3770
4078
921
1662
235
2070
2633
218
346
1035
2752
1090
1503
1292
2301
2382
80
2334
1817
2763
937
3059
1013
1919
1857
504
3085
1482
702
631
2392
3162
3579
2280
106
666
2597
31
583
2863
3751
2008
3438
781
3241
792
1502
3488
3334
2296
3469
1498
1937
2740
176
1146
1338
46
2096
1336
1752
1000
1982
1560
1715
624
1888
3990
1742
3568
2172
2093
1466
2112
3223
655
2976
1220
3439
2483
594
3999
952
799
1
3276
2630
3929
2775
3735
10
3440
2447
2778
219
1954
559
848
443
2190
3392
722
3041
2399
1671
4075
1538
3346
3388
577
3651
64
2601
2380
629
639
1418
3403
281
1655
858
733
1547
2516
910
3649
229
1181
1322
3947
377
3364
1201
3779
1878
4041
3268
1833
3666
2146
1006
3375
1789
542
943
55
2550
3984
2386
26
2768
3652
3996
3277
2207
3286
2105
2881
3900
1487
1735
712
3647
3638
3836
1961
115
3412
1683
528
769
3234
2892
3307
595
1510
759
2667
2582
2145
954
993
846
814
1310
3333
123
613
2802
158
736
204
3659
1431
2314
1805
335
734
2871
3912
2992
440
1087
2714
2744
677
1998
575
625
1757
1633
679
4025
691
1373
3946
3890
1420
3093
2824
2343
2605
3991
1467
1640
1900
2065
634
3834
3615
3316
913
2425
865
1519
3447
529
2547
3034
3794
3889
116
581
2613
3851
883
618
2261
1075
966
3481
2303
3233
893
1893
3868
785
3373
669
3740
2475
1526
2410
256
2628
28
1643
664
1521
1147
1190
3606
839
2211
1374
1303
2866
3543
1984
3818
1967
3800
3987
130
384
2398
100
1194
61
1803
105
3314
1148
341
3163
1163
2922
4013
1172
646
2522
3369
1656
1372
2034
3065
199
956
3847
1308
3518
1570
2678
1653
2267
3087
426
1873
2367
605
1915
648
32
2604
2349
872
2238
3326
1593
3294
1416
1050
2154
237
990
1102
3402
21
1321
3504
890
4032
2262
1554
3942
4051
2511
3762
1071
2029
1772
109
826
2930
0
3414
4085
352
3778
1732
3288
3302
779
580
3206
2488
516
3536
3240
1005
3556
844
2794
1791
264
2083
2360
2100
2776
2415
2438
2156
3184
45
3039
304
432
2445
3591
2312
2913
4063
2117
2865
2777
1705
3532
3633
163
1097
2561
986
1391
4044
2877
3998
149
1913
450
3985
855
3716
138
1780
1754
1389
1020
1238
620
385
378
3036
311
863
2201
508
1329
2052
1980
166
1354
1517
3178
4033
1641
1434
2136
273
3636
463
2931
3381
2515
3338
741
2902
507
735
2302
2480
2721
3870
3857
178
3205
3526
3327
102
3308
657
2944
2175
487
2705
3197
417
2481
3734
257
1891
2159
1793
1154
1713
3151
1845
894
3635
2908
1459
2754
2652
179
3798
3479
3972
1427
984
312
3940
2798
606
54
2846
2677
3079
701
2326
2858
342
2807
3347
203
1234
1223
197
3674
2926
2614
2124
3571
1335
1277
1109
2867
1963
3497
421
1872
164
2198
3202
4052
2583
414
3961
1074
2672
83
1884
1852
3672
1037
1896
2226
820
2687
2859
3505
1574
1261
1637
72
1614
3370
3976
3129
3382
2639
215
3650
3423
2756
3708
2635
1635
3073
3315
2981
3055
675
3655
29
2453
3660
329
2227
2526
3141
770
1524
1864
3573
1262
1083
1359
202
2820
1235
3964
2576
47
3344
4079
808
1661
1565
1233
1212
2424
3107
4095
289
2883
1168
2814
2464
290
1505
2960
453
2069
1298
3807
395
303
3109
3510
376
2317
3161
4009
933
3464
3909
2600
888
1026
3669
3919
2110
1861
1610
306
3081
1883
3092
3849
2024
236
3665
2294
2725
391
1825
836
4014
2932
48
2990
1813
2759
1047
1564
375
479
3924
2860
2318
1587
2839
198
3089
803
3845
2681
1415
1411
617
2210
1453
1207
3540
1394
809
3707
2767
695
258
2039
1926
2996
3654
602
2591
4007
1787
3324
827
3099
1923
4036
2245
1046
3341
2216
1796
1494
3969
3127
960
533
3748
1916
3584
3789
494
2028
3200
2469
1875
881
3791
948
3629
1856
242
1747
1173
3104
1332
2580
2925
3309
3441
1450
2694
1481
478
752
599
2373
3279
240
480
2248
1689
1155
437
1209
2072
870
2893
326
3082
2270
3009
963
1639
1042
838
49
2355
3244
3355
2016
2073
1353
774
3817
1081
1741
2720
1126
2743
2339
3553
2129
3262
1096
1287
1177
729
497
2621
1367
1421
1890
530
3022
2295
604
1594
285
372
2388
82
2485
3227
2833
2497
3907
140
671
2130
1379
3097
2684
537
2536
3616
3589
3476
3179
887
945
1283
916
4057
2396
1032
159
1255
3318
1296
3249
3053
3002
1776
2091
1533
1341
1609
3335
3620
1534
2607
940
3970
643
1186
2435
2971
1486
3310
678
3706
1973
1076
1062
431
1880
3513
749
1555
3356
3873
Consolidate Gauss for selected users takes process time: 0.2448744773864746
2.384185791015625e-06
selected_users_set {'user_1', 'user_3', 'user_5', 'user_2', 'user_4', 'user_6'}
