cmd1 =  *exec.Cmd
Result: incre_index 13
global_params (13.824353348760319, 0.48623810169971443, 0.03742111298450622, 28.479083796370958, 0.6225449776709436, 0.038807906790322755, 4.903648157838379, 0.7313466000261916, 0.04414094312599219, 20.256685545943466, 0.487491855705289, 0.04020971178026047, 11.770928171416791, 0.4845700763913808, 0.03048606816287382, 0.9370791694232369, 0.36914286333073515, 0.03243476182248347, 24.042722693659353, 0.3282611594413563, 0.03364715960560484, 7.3642570862547245, 0.6256559920536188, 0.043852395113465434, 18.29519617383251, 0.4595795181957694, 0.03704430790510874, 2.8056978561052475, 0.4864489369076102, 0.028545029358290244, 9.611304583905934, 0.591963794710355, 0.028113336413613167, 22.466330724221155, 0.4025942923587447, 0.033369777482272246, 26.227558030002765, 0.5662593621577824, 0.03630977849734415, 15.966135091086732, 0.6509194540424542, 0.03561771095786223)
ySp [0.24530099575842002, 0.0482772836671978, 0.011766655692032958, 0.003530411876737627, 0.0011990955025891897, 0.0004545704926000533, 0.00017573472117505333, 7.063505799308478e-05, 3.130450589652342e-05, 2.0347474788157493e-05, 1.4667697382715312e-05, 6.7391804573546615e-06, 3.862353639545081e-06, 1.249303187679507e-06]
ySp.index(min(ySp)) 13
xSp [0, 1, 2, 3, 4, 5, 6, 7, 8, 9, 10, 11, 12, 13]
y_seconds [-1.37464224 -1.26374797 -1.11755738 -1.03177711 -0.91011742 -0.90502773
 -0.91073895 -1.12845037 -0.63440698  0.33049543 -0.93503552 -0.09609554]
y_firsts [-1.97023712e-01 -3.65106280e-02 -8.23624382e-03 -2.33131637e-03
 -7.44525010e-04 -2.78835771e-04 -1.05099663e-04 -3.93305521e-05
 -1.09570311e-05 -5.67977741e-06 -7.92851693e-06 -2.87682682e-06
 -2.61305045e-06]
x1  result: [13.824353348760319, 0.48623810169971443, 0.03742111298450622, 28.479083796370958, 0.6225449776709436, 0.038807906790322755, 4.903648157838379, 0.7313466000261916, 0.04414094312599219, 20.256685545943466, 0.487491855705289, 0.04020971178026047, 11.770928171416791, 0.4845700763913808, 0.03048606816287382, 0.9370791694232369, 0.36914286333073515, 0.03243476182248347, 24.042722693659353, 0.3282611594413563, 0.03364715960560484, 7.3642570862547245, 0.6256559920536188, 0.043852395113465434, 18.29519617383251, 0.4595795181957694, 0.03704430790510874, 2.8056978561052475, 0.4864489369076102, 0.028545029358290244, 9.611304583905934, 0.591963794710355, 0.028113336413613167, 22.466330724221155, 0.4025942923587447, 0.033369777482272246, 26.227558030002765, 0.5662593621577824, 0.03630977849734415, 15.966135091086732, 0.6509194540424542, 0.03561771095786223]
incre_index 14
global_params (28.416510216979002, 0.8937243849516133, 0.046125398637901736, 7.279942569210402, 0.2755620207881176, 0.02588041439091813, 18.938176247807856, 0.9165118475455668, 0.04529823743079038, 0.7808224554994861, 0.196077792889206, 0.028220244931696444, 14.340738137133782, 0.4209537450460939, 0.03085012999813569, 23.22765565886715, 0.6172263085341027, 0.03464813167002698, 11.05577268612924, 0.4152045958153419, 0.02137472125992899, 4.019529457900022, 0.2969449693835589, 0.0275839425867189, 25.545239038685608, 0.759449429148506, 0.05383664739597891, 16.1371804437949, 0.5852356598710483, 0.040424224996234694, 21.209844232555024, 0.7011653065552562, 0.03227794767563223, 12.573834336405106, 0.4081580066299491, 0.032035253600208514, 2.564533131503441, 0.2778941196562624, 0.020415162383474787, 5.598686308812577, 0.2962451278180705, 0.027705688814850003, 9.178753175274375, 0.45945695885369525, 0.03332385422750366)
ySp [0.2452629318926885, 0.049518370387494924, 0.011457129036381354, 0.0036320560794112556, 0.001148652314066427, 0.0005575485401070066, 0.00033064944707945513, 0.00010078033848948436, 3.141110246539312e-05, 1.776713846119494e-05, 1.3167101403508782e-05, 5.659773947301438e-06, 4.261920844602446e-06, 1.6139208140498039e-06, 2.470655432425184e-06]
ySp.index(min(ySp)) 13
xSp [0, 1, 2, 3, 4, 5, 6, 7, 8, 9, 10, 11, 12, 13, 14]
y_seconds [-1.34884009 -1.31787305 -1.03636441 -1.23096136 -0.89047287  0.01300448
 -1.07272263 -1.34256412 -0.99144118  0.48025157 -1.3721169   0.61798928
 -3.9131383 ]
y_firsts [-1.95744562e-01 -3.80612414e-02 -7.82507296e-03 -2.48340377e-03
 -5.91103774e-04 -2.26899093e-04 -2.29869109e-04 -6.93692360e-05
 -1.36439640e-05 -4.60003706e-06 -7.50732746e-06 -1.39785310e-06
 -2.64800003e-06  8.56734618e-07]
x2  result: [4.904664076345387, 0.6587545483840874, 0.03812524871239968, 21.258303343585254, 0.6882027039386028, 0.03152927641419776, 12.134184535251606, 0.6813911992015304, 0.04212899302357521, 29.129878757426, 0.28712417834776965, 0.024295826245650676, 25.320204392528744, 0.3835758527271789, 0.041548276775213874, 16.059213039283772, 0.6852727734714702, 0.04354979107405589, 7.077719499717652, 0.6407273027056871, 0.033609224853626586, 0.7955013151000982, 0.2101536603199726, 0.028511819309007713, 18.976010699376154, 0.970809611211055, 0.046436158315187326, 23.26554647860137, 0.5843150023632714, 0.03575651156533572, 9.437908001434941, 0.7933128549158565, 0.0402928480047758, 14.149752101788817, 0.523730848919686, 0.03131023456670291, 2.9468957516521237, 0.5346756368559608, 0.03041686281287207, 27.321459883338544, 0.5240555521281774, 0.03248892832739876]

individual_Gauss Mixture success
