gmm.covariances_ 
[[[ 1.63159425e+00  7.56599705e-07]
  [ 7.56599705e-07  1.27144824e-06]]

 [[ 6.97115185e-01  6.08127081e-05]
  [ 6.08127081e-05  1.34467020e-06]]

 [[ 1.41206040e+00 -2.63911462e-05]
  [-2.63911462e-05  1.29455434e-06]]

 [[ 9.06101408e-01  1.86821183e-05]
  [ 1.86821183e-05  1.21238963e-06]]

 [[ 1.35488030e+00  2.02639488e-06]
  [ 2.02639488e-06  1.36439326e-06]]

 [[ 1.27710933e+00 -4.61380491e-05]
  [-4.61380491e-05  1.19871253e-06]]

 [[ 2.25651546e+00  2.40820952e-05]
  [ 2.40820952e-05  1.13963037e-06]]

 [[ 7.27594118e-01  6.32551585e-05]
  [ 6.32551585e-05  1.31012832e-06]]

 [[ 9.15445221e-01 -1.06034350e-06]
  [-1.06034350e-06  1.35871885e-06]]

 [[ 7.46551376e-01 -8.59495043e-05]
  [-8.59495043e-05  1.28041113e-06]]]


  
len(gmm.covariances_) 10
gmm.precisions_cholesky_ 
[[[ 7.82877689e-01 -4.11248870e-04]
  [ 0.00000000e+00  8.86851117e+02]]

 [[ 1.19769911e+00 -7.53772508e-02]
  [ 0.00000000e+00  8.64073115e+02]]

 [[ 8.41537286e-01  1.64296226e-02]
  [ 0.00000000e+00  8.79068281e+02]]

 [[ 1.05053759e+00 -1.87282504e-02]
  [ 0.00000000e+00  9.08338862e+02]]

 [[ 8.59111508e-01 -1.28042414e-03]
  [ 0.00000000e+00  8.56112228e+02]]

 [[ 8.84883221e-01  3.30199022e-02]
  [ 0.00000000e+00  9.13996714e+02]]

 [[ 6.65703504e-01 -9.99822547e-03]
  [ 0.00000000e+00  9.36843333e+02]]

 [[ 1.17234493e+00 -7.61137715e-02]
  [ 0.00000000e+00  8.75500651e+02]]

 [[ 1.04516250e+00  9.93687014e-04]
  [ 0.00000000e+00  8.57897488e+02]]

 [[ 1.15736448e+00  1.02139477e-01]
  [ 0.00000000e+00  8.87176341e+02]]]